46 3 108 4
0 1 0 
1 0 0 
0 0 0 
1 1 0 
0 0 1 
0 1 1 
1 0 1 
1 1 1 
0.5 0 0 
0 0.5 0 
0.5 1 0 
1 0.5 0 
0 0 0.5 
0 0.5 1 
0 1 0.5 
1 0 0.5 
0.5 0 1 
1 0.5 1 
0.5 1 1 
1 1 0.5 
0.644861 0.355139 0 
0.347953 0.652047 0 
0.297523 0.298128 0 
0.701872 0.702477 0 
0 0.644861 0.355139 
0 0.347953 0.652047 
0 0.297523 0.298128 
0 0.701872 0.702477 
0.355139 0 0.644861 
0.652047 0 0.347953 
0.298128 0 0.297523 
0.702477 0 0.701872 
0.644861 0.355139 1 
0.347953 0.652047 1 
0.701872 0.702477 1 
0.297523 0.298128 1 
0.355139 1 0.644861 
0.652047 1 0.347953 
0.702477 1 0.701872 
0.298128 1 0.297523 
1 0.644861 0.355139 
1 0.347953 0.652047 
1 0.701872 0.702477 
1 0.297523 0.298128 
0.577133 0.677856 0.556403 
0.434265 0.377521 0.473827 
15 37 25 40 
44 16 46 30 
36 26 5 14 
46 22 24 21 
46 24 22 45 
16 44 46 42 
46 25 27 26 
14 46 36 26 
46 44 30 21 
46 21 41 44 
33 46 34 45 
46 10 27 25 
45 18 42 43 
45 42 18 33 
45 37 38 40 
45 43 35 18 
28 46 14 26 
7 18 42 33 
45 18 35 33 
24 11 45 38 
20 4 41 38 
9 31 23 3 
7 42 32 33 
22 25 45 40 
12 41 4 24 
46 31 30 29 
24 41 4 38 
26 5 13 29 
42 33 46 32 
36 17 5 29 
45 41 43 42 
45 41 38 20 
45 38 39 20 
45 24 38 41 
46 14 36 34 
46 36 26 29 
46 29 32 33 
22 10 46 25 
7 16 32 42 
46 28 34 45 
36 29 5 26 
10 22 46 23 
46 23 31 27 
7 32 17 33 
46 41 21 24 
46 45 41 24 
45 25 37 40 
20 8 39 43 
45 35 43 39 
45 34 19 37 
8 35 19 39 
45 35 19 34 
46 28 25 26 
27 3 10 23 
42 46 41 44 
2 12 21 44 
33 32 17 29 
46 31 13 27 
45 39 43 20 
46 25 28 45 
27 23 31 3 
45 43 41 20 
8 35 43 18 
8 43 35 39 
45 37 25 28 
46 31 23 9 
45 34 37 28 
36 33 17 29 
45 37 39 38 
6 34 37 19 
12 41 21 44 
12 21 41 24 
45 19 35 39 
45 37 19 39 
6 15 37 28 
46 13 31 29 
46 9 23 21 
11 45 40 22 
46 16 32 30 
6 28 37 34 
2 30 16 44 
10 46 27 23 
45 11 40 38 
27 31 13 3 
11 24 45 22 
1 15 25 40 
2 9 30 21 
2 21 30 44 
1 25 10 22 
46 30 31 9 
46 29 33 36 
46 21 30 9 
16 46 32 42 
46 42 41 45 
46 30 32 29 
1 40 25 22 
45 33 35 34 
25 22 45 46 
46 27 13 26 
46 28 14 34 
46 13 29 26 
1 40 22 11 
33 42 46 45 
46 33 34 36 
6 14 28 34 
46 21 23 22 
15 28 25 37 
11 24 4 38 
1.86664e-08
1.44667e-08
0.0788609
2.92714e-08
4.95288e-09
5.06434e-09
2.21376e-08
-4.70782e-09
0.103659
0.135017
0.999999
0.5
0.0455263
6.15588e-09
1.08154e-08
4.62899e-08
9.14734e-09
3.64925e-08
6.33619e-09
-2.94349e-09
0.18209
0.260943
0.116389
0.28893
0.0624197
0.0344879
0.0736512
0.0247236
0.0378013
0.0471925
0.0664839
0.0346247
4.34094e-08
1.49942e-08
-1.33419e-09
1.48614e-08
4.75833e-09
2.49318e-07
-5.02072e-09
2.32166e-07
1.36661e-07
0.175101
4.21863e-09
9.49723e-08
-0.00804081
0.0588011
